12481248

10101010 10101010 10101010 10101010 10101010 10101010 10101010 10101011

00000000 00110000 10010100 11111010 10010100 01110101
00 0C 29 5F 29 AE
00000000 01010000 10101100 00000000 00000000 00000000
00 0A 35 00 00 00
00000000 00000000 
00 00 

01000000 00001011
02 D0


00 00 00 00 00 00 00 00 00 00 00 00 00 00 00 00 00 00 00 00 00 00 00 00 00 00 00 00 00 00 00 00 00 00 00 00 00 00 00 00 00 00 00 00 

10011110 00001011 01110000 01101101
79 D0 0E B6

00 0C 29 5F 29 AE 00 0A 35 00 00 00 00 00 02 D0 00 00 00 00 00 00 00 00 00 00 00 00 00 00 00 00 00 00 00 00 00 00 00 00 00 00 00 00 00 00 00 00 00 00 00 00 00 00 00 00 00 00 00 00 79 D0 0E B6